(      -5.000000,       25.000000) => (      10.000000,     -750.000000) 
(      -4.500000,       20.250000) => (      49.000000,     -569.500000) 
(      -4.000000,       16.000000) => (      88.000000,     -408.000000) 
(      -3.500000,       12.250000) => (     127.000000,     -265.500000) 
(      -3.000000,        9.000000) => (     166.000000,     -142.000000) 
(      -2.500000,        6.250000) => (     205.000000,      -37.500000) 
(      -2.000000,        4.000000) => (     244.000000,       48.000000) 
(      -1.500000,        2.250000) => (     283.000000,      114.500000) 
(      -1.000000,        1.000000) => (     322.000000,      162.000000) 
(      -0.500000,        0.250000) => (     361.000000,      190.500000) 
(       0.000000,        0.000000) => (     400.000000,      200.000000) 
(       0.500000,        0.250000) => (     439.000000,      190.500000) 
(       1.000000,        1.000000) => (     478.000000,      162.000000) 
(       1.500000,        2.250000) => (     517.000000,      114.500000) 
(       2.000000,        4.000000) => (     556.000000,       48.000000) 
(       2.500000,        6.250000) => (     595.000000,      -37.500000) 
(       3.000000,        9.000000) => (     634.000000,     -142.000000) 
(       3.500000,       12.250000) => (     673.000000,     -265.500000) 
(       4.000000,       16.000000) => (     712.000000,     -408.000000) 
(       4.500000,       20.250000) => (     751.000000,     -569.500000) 
